Timestep Motor A Motor B
1 0.9000 0.0000
2 0.7200 0.1000
3 0.5410 0.3250
4 0.3398 0.5710
5 0.1549 0.7871
6 0.0279 0.9346
7 0.0120 0.9879
8 0.0457 0.9388
9 0.1911 0.7988
10 0.3964 0.5971
11 0.6211 0.3747
12 0.8207 0.1766
13 0.9557 0.0426
14 0.9992 0.0003
15 0.9426 0.0567
16 0.7974 0.2022
17 0.5926 0.4071
18 0.3692 0.6306
19 0.1719 0.8279
20 0.0403 0.9597
21 0.0005 0.9994
22 0.0607 0.9393
23 0.2087 0.7913
24 0.4149 0.5850
25 0.6382 0.3618
26 0.8339 0.1661
27 0.9627 0.0373
28 0.9990 0.0010
29 0.9355 0.0645
30 0.7849 0.2151
31 0.5774 0.4226
32 0.3543 0.6457
33 0.1604 0.8396
34 0.0344 0.9656
35 0.0015 0.9985
36 0.0683 0.9317
37 0.2215 0.7785
38 0.4304 0.5696
39 0.6531 0.3469
40 0.8453 0.1547
41 0.9684 0.0316
42 0.9978 0.0022
43 0.9277 0.0723
44 0.7720 0.2280
45 0.5619 0.4381
46 0.3395 0.6605
47 0.1491 0.8509
48 0.0289 0.9711
49 0.0030 0.9970
50 0.0764 0.9236
51 0.2346 0.7654
52 0.4458 0.5542
53 0.6679 0.3321
54 0.8564 0.1436
55 0.9736 0.0264
56 0.9961 0.0039
57 0.9194 0.0806
58 0.7588 0.2412
59 0.5464 0.4536
60 0.3248 0.6752
61 0.1382 0.8618
62 0.0239 0.9761
63 0.0049 0.9951
64 0.0849 0.9151
65 0.2479 0.7521
66 0.4614 0.5386
67 0.6825 0.3175
68 0.8672 0.1328
69 0.9784 0.0216
70 0.9939 0.0061
71 0.9107 0.0893
72 0.7453 0.2547
73 0.5309 0.4691
74 0.3102 0.6898
75 0.1276 0.8724
76 0.0194 0.9806
77 0.0073 0.9927
78 0.0938 0.9062
79 0.2615 0.7385
80 0.4769 0.5231
81 0.6969 0.3031
82 0.8776 0.1224
83 0.9827 0.0173
84 0.9913 0.0087
85 0.9016 0.0984
86 0.7316 0.2684
87 0.5153 0.4847
88 0.2959 0.7041
89 0.1174 0.8826
90 0.0153 0.9847
91 0.0102 0.9898
92 0.1031 0.8969
93 0.2753 0.7247
94 0.4925 0.5075
95 0.7112 0.2888
96 0.8876 0.1124
97 0.9865 0.0135
98 0.9881 0.0119
99 0.8921 0.1079
100 0.7177 0.2823
101 0.4997 0.5003
102 0.2818 0.7182
103 0.1075 0.8925
104 0.0117 0.9883
105 0.0136 0.9864
106 0.1128 0.8872
107 0.2894 0.7106
108 0.5081 0.4919
109 0.7252 0.2748
110 0.8973 0.1027
111 0.9899 0.0101
112 0.9845 0.0155
113 0.8822 0.1178
114 0.7035 0.2965
115 0.4841 0.5159
116 0.2679 0.7321
117 0.0980 0.9020
118 0.0086 0.9914
119 0.0175 0.9825
120 0.1228 0.8772
121 0.3036 0.6964
122 0.5237 0.4763
123 0.7390 0.2610
124 0.9065 0.0935
125 0.9928 0.0072
126 0.9804 0.0196
127 0.8720 0.1280
128 0.6892 0.3108
129 0.4685 0.5315
130 0.2542 0.7458
131 0.0890 0.9110
132 0.0060 0.9940
133 0.0218 0.9782
134 0.1332 0.8668
135 0.3181 0.6819
136 0.5393 0.4607
137 0.7526 0.2474
138 0.9154 0.0846
139 0.9952 0.0048
140 0.9759 0.0241
141 0.8614 0.1386
142 0.6747 0.3253
143 0.4530 0.5470
144 0.2407 0.7593
145 0.0803 0.9197
146 0.0038 0.9962
147 0.0266 0.9734
148 0.1440 0.8560
149 0.3327 0.6673
150 0.5548 0.4452
151 0.7659 0.2341
152 0.9239 0.0761
153 0.9971 0.0029
154 0.9709 0.0291
155 0.8505 0.1495
156 0.6600 0.3400
157 0.4375 0.5625
158 0.2275 0.7725
159 0.0720 0.9280
160 0.0021 0.9979
161 0.0318 0.9682
162 0.1551 0.8449
163 0.3474 0.6526
164 0.5703 0.4297
165 0.7790 0.2210
166 0.9320 0.0680
167 0.9985 0.0015
168 0.9654 0.0346
169 0.8392 0.1608
170 0.6451 0.3549
171 0.4220 0.5780
172 0.2146 0.7854
173 0.0642 0.9358
174 0.0009 0.9991
175 0.0375 0.9625
176 0.1666 0.8334
177 0.3624 0.6376
178 0.5857 0.4143
179 0.7918 0.2082
180 0.9396 0.0604
181 0.9995 0.0005
182 0.9595 0.0405
183 0.8275 0.1725
184 0.6301 0.3699
185 0.4067 0.5933
186 0.2019 0.7981
187 0.0567 0.9433
188 0.0002 0.9998
189 0.0437 0.9563
190 0.1784 0.8216
191 0.3774 0.6226
192 0.6010 0.3990
193 0.8043 0.1957
194 0.9468 0.0532
195 0.9999 0.0001
196 0.9531 0.0469
197 0.8156 0.1844
198 0.6150 0.3850
199 0.3914 0.6086
200 0.1895 0.8105
201 0.0497 0.9503
202 0.0000 1.0000
203 0.0503 0.9497
204 0.1905 0.8095
205 0.3926 0.6074
206 0.6162 0.3838
207 0.8166 0.1834
208 0.9536 0.0464
209 0.9999 0.0001
210 0.9463 0.0537
211 0.8034 0.1966
212 0.5998 0.4002
213 0.3762 0.6238
214 0.1774 0.8226
215 0.0432 0.9568
216 0.0003 0.9997
217 0.0573 0.9427
218 0.2029 0.7971
219 0.4079 0.5921
220 0.6313 0.3687
221 0.8285 0.1715
222 0.9599 0.0401
223 0.9994 0.0006
224 0.9390 0.0610
225 0.7908 0.2092
226 0.5844 0.4156
227 0.3612 0.6388
228 0.1657 0.8343
229 0.0371 0.9629
230 0.0010 0.9990
231 0.0648 0.9352
232 0.2156 0.7844
233 0.4233 0.5767
234 0.6463 0.3537
235 0.8401 0.1599
236 0.9658 0.0342
237 0.9984 0.0016
238 0.9313 0.0687
239 0.7780 0.2220
240 0.5690 0.4310
241 0.3463 0.6537
242 0.1543 0.8457
243 0.0314 0.9686
244 0.0022 0.9978
245 0.0727 0.9273
246 0.2285 0.7715
247 0.4387 0.5613
248 0.6611 0.3389
249 0.8513 0.1487
250 0.9713 0.0287
251 0.9970 0.0030
252 0.9232 0.0768
253 0.7649 0.2351
254 0.5536 0.4464
255 0.3315 0.6685
256 0.1432 0.8568
257 0.0262 0.9738
258 0.0040 0.9960
259 0.0810 0.9190
260 0.2418 0.7582
261 0.4542 0.5458
262 0.6758 0.3242
263 0.8623 0.1377
264 0.9763 0.0237
265 0.9950 0.0050
266 0.9147 0.0853
267 0.7515 0.2485
268 0.5380 0.4620
269 0.3169 0.6831
270 0.1324 0.8676
271 0.0214 0.9786
272 0.0062 0.9938
273 0.0897 0.9103
274 0.2552 0.7448
275 0.4698 0.5302
276 0.6903 0.3097
277 0.8728 0.1272
278 0.9808 0.0192
279 0.9926 0.0074
280 0.9058 0.0942
281 0.7379 0.2621
282 0.5225 0.4775
283 0.3025 0.6975
284 0.1220 0.8780
285 0.0171 0.9829
286 0.0088 0.9912
287 0.0988 0.9012
288 0.2689 0.7311
289 0.4853 0.5147
290 0.7046 0.2954
291 0.8830 0.1170
292 0.9848 0.0152
293 0.9896 0.0104
294 0.8965 0.1035
295 0.7241 0.2759
296 0.5069 0.4931
297 0.2883 0.7117
298 0.1120 0.8880
299 0.0133 0.9867
300 0.0120 0.9880
301 0.1083 0.8917
302 0.2829 0.7171
303 0.5009 0.4991
304 0.7188 0.2812
305 0.8929 0.1071
306 0.9884 0.0116
307 0.9862 0.0138
308 0.8868 0.1132
309 0.7101 0.2899
310 0.4913 0.5087
311 0.2742 0.7258
312 0.1024 0.8976
313 0.0100 0.9900
314 0.0156 0.9844
315 0.1182 0.8818
316 0.2970 0.7030
317 0.5165 0.4835
318 0.7327 0.2673
319 0.9023 0.0977
320 0.9915 0.0085
321 0.9824 0.0176
322 0.8768 0.1232
323 0.6958 0.3042
324 0.4757 0.5243
325 0.2604 0.7396
326 0.0931 0.9069
327 0.0071 0.9929
328 0.0197 0.9803
329 0.1284 0.8716
330 0.3114 0.6886
331 0.5321 0.4679
332 0.7464 0.2536
333 0.9114 0.0886
334 0.9941 0.0059
335 0.9780 0.0220
336 0.8663 0.1337
337 0.6814 0.3186
338 0.4601 0.5399
339 0.2469 0.7531
340 0.0842 0.9158
341 0.0047 0.9953
342 0.0243 0.9757
343 0.1390 0.8610
344 0.3259 0.6741
345 0.5476 0.4524
346 0.7598 0.2402
347 0.9200 0.0800
348 0.9963 0.0037
349 0.9732 0.0268
350 0.8555 0.1445
351 0.6668 0.3332
352 0.4446 0.5554
353 0.2335 0.7665
354 0.0758 0.9242
355 0.0028 0.9972
356 0.0293 0.9707
357 0.1500 0.8500
358 0.3406 0.6594
359 0.5631 0.4369
360 0.7730 0.2270
361 0.9283 0.0717
362 0.9979 0.0021
363 0.9680 0.0320
364 0.8444 0.1556
365 0.6520 0.3480
366 0.4291 0.5709
367 0.2205 0.7795
368 0.0677 0.9323
369 0.0014 0.9986
370 0.0348 0.9652
371 0.1613 0.8387
372 0.3555 0.6445
373 0.5786 0.4214
374 0.7860 0.2140
375 0.9361 0.0639
376 0.9991 0.0009
377 0.9622 0.0378
378 0.8329 0.1671
379 0.6370 0.3630
380 0.4137 0.5863
381 0.2077 0.7923
382 0.0601 0.9399
383 0.0005 0.9995
384 0.0408 0.9592
385 0.1729 0.8271
386 0.3705 0.6295
387 0.5939 0.4061
388 0.7986 0.2014
389 0.9436 0.0564
390 0.9998 0.0002
391 0.9561 0.0439
392 0.8211 0.1789
393 0.6220 0.3780
394 0.3984 0.6016
395 0.1952 0.8048
396 0.0529 0.9471
397 0.0000 1.0000
398 0.0472 0.9528
399 0.1849 0.8151
400 0.3856 0.6144
401 0.6092 0.3908
402 0.8110 0.1890
403 0.9505 0.0495
404 1.0000 0.0000
405 0.9495 0.0505
406 0.8090 0.1910
407 0.6068 0.3932
408 0.3832 0.6168
409 0.1830 0.8170
410 0.0461 0.9539
411 0.0001 0.9999
412 0.0540 0.9460
413 0.1971 0.8029
414 0.4008 0.5992
415 0.6244 0.3756
416 0.8230 0.1770
417 0.9571 0.0429
418 0.9997 0.0003
419 0.9424 0.0576
420 0.7966 0.2034
421 0.5915 0.4085
422 0.3681 0.6319
423 0.1711 0.8289
424 0.0398 0.9602
425 0.0006 0.9994
426 0.0613 0.9387
427 0.2097 0.7903
428 0.4162 0.5838
429 0.6394 0.3606
430 0.8348 0.1652
431 0.9632 0.0368
432 0.9989 0.0011
433 0.9349 0.0651
434 0.7839 0.2161
435 0.5761 0.4239
436 0.3531 0.6469
437 0.1595 0.8405
438 0.0339 0.9661
439 0.0016 0.9984
440 0.0690 0.9310
441 0.2225 0.7775
442 0.4316 0.5684
443 0.6543 0.3457
444 0.8462 0.1538
445 0.9688 0.0312
446 0.9977 0.0023
447 0.9270 0.0730
448 0.7710 0.2290
449 0.5607 0.4393
450 0.3383 0.6617
451 0.1482 0.8518
452 0.0285 0.9715
453 0.0031 0.9969
454 0.0771 0.9229
455 0.2356 0.7644
456 0.4471 0.5529
457 0.6691 0.3309
458 0.8573 0.1427
459 0.9740 0.0260
460 0.9960 0.0040
461 0.9187 0.0813
462 0.7577 0.2423
463 0.5452 0.4548
464 0.3236 0.6764
465 0.1373 0.8627
466 0.0236 0.9764
467 0.0051 0.9949
468 0.0856 0.9144
469 0.2490 0.7510
470 0.4626 0.5374
471 0.6837 0.3163
472 0.8680 0.1320
473 0.9787 0.0213
474 0.9937 0.0063
475 0.9100 0.0900
476 0.7442 0.2558
477 0.5296 0.4704
478 0.3091 0.6909
479 0.1268 0.8732
480 0.0191 0.9809
481 0.0076 0.9924
482 0.0945 0.9055
483 0.2626 0.7374
484 0.4782 0.5218
485 0.6981 0.3019
486 0.8784 0.1216
487 0.9830 0.0170
488 0.9910 0.0090
489 0.9009 0.0991
490 0.7305 0.2695
491 0.5141 0.4859
492 0.2948 0.7052
493 0.1166 0.8834
494 0.0150 0.9850
495 0.0105 0.9895
496 0.1038 0.8962
497 0.2764 0.7236
498 0.4937 0.5063
499 0.7123 0.2877
500 0.8884 0.1116
501 0.9868 0.0132
502 0.9879 0.0121
503 0.8913 0.1087
504 0.7166 0.2834
505 0.4985 0.5015
506 0.2807 0.7193
507 0.1067 0.8933
508 0.0115 0.9885
509 0.0139 0.9861
510 0.1136 0.8864
511 0.2905 0.7095
512 0.5093 0.4907
513 0.7263 0.2737
514 0.8980 0.1020
515 0.9901 0.0099
516 0.9842 0.0158
517 0.8815 0.1185
518 0.7024 0.2976
519 0.4829 0.5171
520 0.2668 0.7332
521 0.0973 0.9027
522 0.0084 0.9916
523 0.0178 0.9822
524 0.1236 0.8764
525 0.3048 0.6952
526 0.5249 0.4751
527 0.7401 0.2599
528 0.9073 0.0927
529 0.9930 0.0070
530 0.9801 0.0199
531 0.8712 0.1288
532 0.6880 0.3120
533 0.4673 0.5327
534 0.2531 0.7469
535 0.0883 0.9117
536 0.0058 0.9942
537 0.0221 0.9779
538 0.1341 0.8659
539 0.3192 0.6808
540 0.5405 0.4595
541 0.7537 0.2463
542 0.9161 0.0839
543 0.9953 0.0047
544 0.9755 0.0245
545 0.8606 0.1394
546 0.6735 0.3265
547 0.4518 0.5482
548 0.2397 0.7603
549 0.0796 0.9204
550 0.0037 0.9963
551 0.0270 0.9730
552 0.1449 0.8551
553 0.3338 0.6662
554 0.5560 0.4440
555 0.7670 0.2330
556 0.9246 0.0754
557 0.9972 0.0028
558 0.9704 0.0296
559 0.8496 0.1504
560 0.6588 0.3412
561 0.4363 0.5637
562 0.2265 0.7735
563 0.0714 0.9286
564 0.0020 0.9980
565 0.0323 0.9677
566 0.1560 0.8440
567 0.3486 0.6514
568 0.5715 0.4285
569 0.7800 0.2200
570 0.9326 0.0674
571 0.9986 0.0014
572 0.9649 0.0351
573 0.8383 0.1617
574 0.6439 0.3561
575 0.4208 0.5792
576 0.2135 0.7865
577 0.0636 0.9364
578 0.0009 0.9991
579 0.0380 0.9620
580 0.1675 0.8325
581 0.3635 0.6365
582 0.5869 0.4131
583 0.7928 0.2072
584 0.9402 0.0598
585 0.9995 0.0005
586 0.9590 0.0410
587 0.8266 0.1734
588 0.6289 0.3711
589 0.4055 0.5945
590 0.2009 0.7991
591 0.0562 0.9438
592 0.0002 0.9998
593 0.0442 0.9558
594 0.1793 0.8207
595 0.3786 0.6214
596 0.6022 0.3978
597 0.8053 0.1947
598 0.9474 0.0526
599 1.0000 0.0000
600 0.9526 0.0474
601 0.8146 0.1854
602 0.6138 0.3862
603 0.3902 0.6098
604 0.1886 0.8114
605 0.0492 0.9508
606 0.0000 1.0000
607 0.0508 0.9492
608 0.1914 0.8086
609 0.3938 0.6062
610 0.6174 0.3826
611 0.8175 0.1825
612 0.9541 0.0459
613 0.9999 0.0001
614 0.9457 0.0543
615 0.8024 0.1976
616 0.5986 0.4014
617 0.3750 0.6250
618 0.1765 0.8235
619 0.0427 0.9573
620 0.0003 0.9997
621 0.0579 0.9421
622 0.2039 0.7961
623 0.4091 0.5909
624 0.6325 0.3675
625 0.8294 0.1706
626 0.9604 0.0396
627 0.9994 0.0006
628 0.9384 0.0616
629 0.7898 0.2102
630 0.5832 0.4168
631 0.3600 0.6400
632 0.1648 0.8352
633 0.0366 0.9634
634 0.0011 0.9989
635 0.0654 0.9346
636 0.2166 0.7834
637 0.4245 0.5755
638 0.6475 0.3525
639 0.8410 0.1590
640 0.9663 0.0337
641 0.9983 0.0017
642 0.9307 0.0693
643 0.7770 0.2230
644 0.5678 0.4322
645 0.3451 0.6549
646 0.1534 0.8466
647 0.0310 0.9690
648 0.0024 0.9976
649 0.0733 0.9267
650 0.2296 0.7704
651 0.4399 0.5601
652 0.6623 0.3377
653 0.8522 0.1478
654 0.9717 0.0283
655 0.9968 0.0032
656 0.9226 0.0774
657 0.7638 0.2362
658 0.5523 0.4477
659 0.3304 0.6696
660 0.1423 0.8577
661 0.0258 0.9742
662 0.0041 0.9959
663 0.0816 0.9184
664 0.2428 0.7572
665 0.4554 0.5446
666 0.6770 0.3230
667 0.8631 0.1369
668 0.9766 0.0234
669 0.9948 0.0052
670 0.9141 0.0859
671 0.7505 0.2495
672 0.5368 0.4632
673 0.3158 0.6842
674 0.1316 0.8684
675 0.0211 0.9789
676 0.0064 0.9936
677 0.0904 0.9096
678 0.2563 0.7437
679 0.4710 0.5290
680 0.6915 0.3085
681 0.8736 0.1264
682 0.9811 0.0189
683 0.9923 0.0077
684 0.9051 0.0949
685 0.7369 0.2631
686 0.5212 0.4788
687 0.3014 0.6986
688 0.1212 0.8788
689 0.0168 0.9832
690 0.0091 0.9909
691 0.0995 0.9005
692 0.2700 0.7300
693 0.4866 0.5134
694 0.7058 0.2942
695 0.8838 0.1162
696 0.9851 0.0149
697 0.9894 0.0106
698 0.8958 0.1042
699 0.7230 0.2770
700 0.5056 0.4944
701 0.2872 0.7128
702 0.1112 0.8888
703 0.0131 0.9869
704 0.0123 0.9877
705 0.1090 0.8910
706 0.2840 0.7160
707 0.5022 0.4978
708 0.7199 0.2801
709 0.8936 0.1064
710 0.9887 0.0113
711 0.9860 0.0140
712 0.8861 0.1139
713 0.7089 0.2911
714 0.4901 0.5099
715 0.2731 0.7269
716 0.1016 0.8984
717 0.0098 0.9902
718 0.0159 0.9841
719 0.1189 0.8811
720 0.2982 0.7018
721 0.5177 0.4823
722 0.7338 0.2662
723 0.9031 0.0969
724 0.9917 0.0083
725 0.9820 0.0180
726 0.8760 0.1240
727 0.6947 0.3053
728 0.4745 0.5255
729 0.2594 0.7406
730 0.0924 0.9076
731 0.0069 0.9931
732 0.0201 0.9799
733 0.1292 0.8708
734 0.3125 0.6875
735 0.5333 0.4667
736 0.7474 0.2526
737 0.9121 0.0879
738 0.9943 0.0057
739 0.9777 0.0223
740 0.8655 0.1345
741 0.6802 0.3198
742 0.4589 0.5411
743 0.2458 0.7542
744 0.0835 0.9165
745 0.0046 0.9954
746 0.0247 0.9753
747 0.1399 0.8601
748 0.3271 0.6729
749 0.5489 0.4511
750 0.7609 0.2391
751 0.9207 0.0793
752 0.9964 0.0036
753 0.9728 0.0272
754 0.8547 0.1453
755 0.6656 0.3344
756 0.4434 0.5566
757 0.2325 0.7675
758 0.0751 0.9249
759 0.0027 0.9973
760 0.0298 0.9702
761 0.1509 0.8491
762 0.3418 0.6582
763 0.5644 0.4356
764 0.7740 0.2260
765 0.9289 0.0711
766 0.9980 0.0020
767 0.9675 0.0325
768 0.8435 0.1565
769 0.6508 0.3492
770 0.4279 0.5721
771 0.2195 0.7805
772 0.0671 0.9329
773 0.0013 0.9987
774 0.0353 0.9647
775 0.1622 0.8378
776 0.3567 0.6433
777 0.5798 0.4202
778 0.7870 0.2130
779 0.9367 0.0633
780 0.9992 0.0008
781 0.9618 0.0382
782 0.8320 0.1680
783 0.6359 0.3641
784 0.4125 0.5875
785 0.2067 0.7933
786 0.0595 0.9405
787 0.0004 0.9996
788 0.0413 0.9587
789 0.1739 0.8261
790 0.3717 0.6283
791 0.5951 0.4049
792 0.7996 0.2004
793 0.9441 0.0559
794 0.9998 0.0002
795 0.9556 0.0444
796 0.8202 0.1798
797 0.6208 0.3792
798 0.3972 0.6028
799 0.1942 0.8058
800 0.0524 0.9476
801 0.0000 1.0000
802 0.0477 0.9523
803 0.1858 0.8142
804 0.3868 0.6132
805 0.6104 0.3896
806 0.8119 0.1881
807 0.9511 0.0489
808 1.0000 0.0000
809 0.9489 0.0511
810 0.8081 0.1919
811 0.6056 0.3944
812 0.3820 0.6180
813 0.1820 0.8180
814 0.0456 0.9544
815 0.0001 0.9999
816 0.0546 0.9454
817 0.1981 0.8019
818 0.4020 0.5980
819 0.6256 0.3744
820 0.8240 0.1760
821 0.9576 0.0424
822 0.9997 0.0003
823 0.9418 0.0582
824 0.7956 0.2044
825 0.5903 0.4097
826 0.3669 0.6331
827 0.1701 0.8299
828 0.0393 0.9607
829 0.0007 0.9993
830 0.0619 0.9381
831 0.2107 0.7893
832 0.4174 0.5826
833 0.6406 0.3594
834 0.8357 0.1643
835 0.9636 0.0364
836 0.9989 0.0011
837 0.9343 0.0657
838 0.7829 0.2171
839 0.5749 0.4251
840 0.3519 0.6481
841 0.1586 0.8414
842 0.0335 0.9665
843 0.0017 0.9983
844 0.0696 0.9304
845 0.2235 0.7765
846 0.4328 0.5672
847 0.6555 0.3445
848 0.8471 0.1529
849 0.9692 0.0308
850 0.9976 0.0024
851 0.9264 0.0736
852 0.7699 0.2301
853 0.5595 0.4405
854 0.3371 0.6629
855 0.1474 0.8526
856 0.0281 0.9719
857 0.0033 0.9967
858 0.0777 0.9223
859 0.2367 0.7633
860 0.4483 0.5517
861 0.6702 0.3298
862 0.8581 0.1419
863 0.9744 0.0256
864 0.9958 0.0042
865 0.9180 0.0820
866 0.7567 0.2433
867 0.5440 0.4560
868 0.3225 0.6775
869 0.1365 0.8635
870 0.0232 0.9768
871 0.0053 0.9947
872 0.0863 0.9137
873 0.2501 0.7499
874 0.4638 0.5362
875 0.6848 0.3152
876 0.8688 0.1312
877 0.9791 0.0209
878 0.9935 0.0065
879 0.9093 0.0907
880 0.7432 0.2568
881 0.5284 0.4716
882 0.3080 0.6920
883 0.1259 0.8741
884 0.0187 0.9813
885 0.0078 0.9922
886 0.0952 0.9048
887 0.2637 0.7363
888 0.4794 0.5206
889 0.6992 0.3008
890 0.8792 0.1208
891 0.9833 0.0167
892 0.9908 0.0092
893 0.9001 0.0999
894 0.7294 0.2706
895 0.5128 0.4872
896 0.2937 0.7063
897 0.1158 0.8842
898 0.0147 0.9853
899 0.0107 0.9893
900 0.1046 0.8954
901 0.2775 0.7225
902 0.4950 0.5050
903 0.7134 0.2866
904 0.8892 0.1108
905 0.9871 0.0129
906 0.9876 0.0124
907 0.8906 0.1094
908 0.7155 0.2845
909 0.4972 0.5028
910 0.2796 0.7204
911 0.1060 0.8940
912 0.0112 0.9888
913 0.0142 0.9858
914 0.1143 0.8857
915 0.2916 0.7084
916 0.5106 0.4894
917 0.7274 0.2726
918 0.8988 0.1012
919 0.9904 0.0096
920 0.9839 0.0161
921 0.8807 0.1193
922 0.7013 0.2987
923 0.4816 0.5184
924 0.2657 0.7343
925 0.0966 0.9034
926 0.0082 0.9918
927 0.0181 0.9819
928 0.1244 0.8756
929 0.3059 0.6941
930 0.5261 0.4739
931 0.7412 0.2588
932 0.9080 0.0920
933 0.9932 0.0068
934 0.9797 0.0203
935 0.8704 0.1296
936 0.6869 0.3131
937 0.4661 0.5339
938 0.2520 0.7480
939 0.0876 0.9124
940 0.0056 0.9944
941 0.0225 0.9775
942 0.1349 0.8651
943 0.3203 0.6797
944 0.5417 0.4583
945 0.7547 0.2453
946 0.9168 0.0832
947 0.9955 0.0045
948 0.9751 0.0249
949 0.8597 0.1403
950 0.6724 0.3276
951 0.4505 0.5495
952 0.2386 0.7614
953 0.0790 0.9210
954 0.0035 0.9965
955 0.0274 0.9726
956 0.1458 0.8542
957 0.3350 0.6650
958 0.5572 0.4428
959 0.7680 0.2320
960 0.9252 0.0748
961 0.9973 0.0027
962 0.9700 0.0300
963 0.8487 0.1513
964 0.6576 0.3424
965 0.4350 0.5650
966 0.2254 0.7746
967 0.0707 0.9293
968 0.0019 0.9981
969 0.0327 0.9673
970 0.1569 0.8431
971 0.3498 0.6502
972 0.5727 0.4273
973 0.7810 0.2190
974 0.9332 0.0668
975 0.9987 0.0013
976 0.9645 0.0355
977 0.8374 0.1626
978 0.6428 0.3572
979 0.4196 0.5804
980 0.2125 0.7875
981 0.0630 0.9370
982 0.0008 0.9992
983 0.0385 0.9615
984 0.1684 0.8316
985 0.3647 0.6353
986 0.5881 0.4119
987 0.7938 0.2062
988 0.9408 0.0592
989 0.9996 0.0004
990 0.9585 0.0415
991 0.8257 0.1743
992 0.6277 0.3723
993 0.4043 0.5957
994 0.1999 0.8001
995 0.0556 0.9444
996 0.0002 0.9998
997 0.0447 0.9553
998 0.1803 0.8197
999 0.3798 0.6202
0 0.6034 0.3966
